2,14,66
0,12,51
0,51,72
0,15,19
0,8,90
1,15,33
1,70,43
1,95,81
0,99,69
1,41,15
1,63,69
1,41,17
1,5,18
1,37,20
1,66,67
2,58,65
2,32,12
1,28,95
0,81,22
1,56,44
0,32,12
1,22,12
0,2,13
1,46,60
2,89,26
1,28,62
0,76,69
0,79,51
0,8,66
0,32,69
1,88,30
2,55,18
1,21,58
0,37,27
1,31,23
1,14,63
1,29,36
0,98,77
0,24,39
0,22,12
1,13,21
1,4,51
2,16,6
2,72,49
2,7,47
1,26,29
0,25,21
2,51,73
2,22,13
2,20,65
1,15,10
2,27,25
0,28,42
0,53,35
0,8,38
2,66,73
0,86,98
0,36,42
1,73,46
2,0,62
2,43,25
1,58,41
0,3,63
2,39,14
0,73,19
2,98,68
2,37,35
1,0,63
2,60,99
0,97,99
0,8,92
1,55,23
2,85,22
0,1,2
2,64,72
1,7,51
1,31,26
0,91,30
2,13,66
0,20,94
1,25,26
0,30,36
2,92,77
1,73,67
2,0,64
2,36,30
1,20,60
0,19,13
2,61,75
0,55,68
0,17,29
2,6,62
0,53,37
0,15,11
2,26,32
0,69,39
0,99,68
0,9,1
0,16,55
1,52,32
0,89,25
2,55,23
0,39,21
2,13,26
1,23,55
1,31,11
2,17,34
2,9,11
1,99,54
1,7,61
0,18,36
2,43,19
1,33,68
1,58,64
0,33,72
1,71,49
2,50,44
1,88,76
2,31,40
2,93,0
2,91,20
2,66,49
0,13,32
0,98,73
2,59,19
2,65,42
1,78,18
1,53,65
2,9,4
1,69,26
2,38,25
1,18,6
1,7,47
2,10,69
1,22,29
2,68,41
1,70,46
0,51,33
2,69,71
2,8,10
1,70,26
0,22,69
2,98,8
1,50,30
0,6,27
0,52,42
0,6,59
2,40,18
2,26,63
1,36,71
0,41,13
1,2,65
0,98,54
0,4,17
2,45,29
1,19,18
0,27,15
0,47,17
0,61,72
2,27,26
2,71,48
1,12,70
2,25,99
1,17,14
1,71,19
1,28,8
1,61,20
0,17,32
0,34,12
1,0,78
0,16,37
2,40,32
1,19,15
2,44,69
0,2,15
2,71,23
1,30,26
1,17,34
1,42,72
1,16,16
0,35,67
0,33,62
0,42,61
2,73,26
2,38,57
2,25,14
0,88,30
0,99,22
2,40,59
0,23,68
1,46,61
2,34,59
1,54,70
1,44,40
0,14,65
1,12,71
2,77,98
0,8,32
0,99,4
0,48,37
0,14,69
0,11,30
2,35,37
1,56,73
2,10,7
0,25,27
0,0,38
0,90,80
2,0,64
1,23,9
0,16,52
0,76,23
1,5,65
2,25,60
2,9,48
0,82,27
2,58,69
2,4,66
2,2,32
2,81,48
2,34,17
1,53,1
2,0,74
1,0,79
2,6,56
1,23,27
1,20,30
2,18,8
2,9,62
0,4,92
0,0,1
0,33,37
2,17,35
2,37,25
1,21,9
1,22,32
2,2,16
0,43,21
2,26,23
1,0,98
1,35,35
1,89,79
2,18,23
1,82,74
1,46,64
0,42,67
0,35,33
1,31,30
0,41,24
1,3,21
2,69,69
0,79,23
0,10,54
2,20,14
0,16,67
0,82,23
1,22,32
2,46,20
0,87,29
0,64,71
2,5,4
1,30,11
1,8,57
1,38,31
0,19,15
2,92,21
1,38,63
1,38,0
2,23,15
1,87,72
2,27,14
1,22,59
1,92,77
0,28,35
0,88,77
1,98,40
2,12,36
0,28,93
0,74,73
0,36,34
1,2,38
1,39,21
2,7,16
2,9,33
0,36,62
2,63,41
2,42,69
0,27,39
1,14,66
1,15,2
1,31,30
0,57,18
0,33,69
0,96,76
0,69,49
0,20,26
0,80,22
0,92,23
2,14,33
1,9,18
2,30,16
1,34,58
2,17,31
1,77,49
0,27,65
1,87,30
0,36,28
0,32,14
2,66,39
1,12,99
0,26,19
1,51,38
1,24,33
2,4,56
2,23,7
0,16,91
1,34,56
1,65,18
0,26,67
2,30,19
0,44,62
2,22,25
1,86,30
0,75,23
2,92,32
2,49,43
0,24,59
2,34,58
2,57,21
2,76,28
1,44,34
2,13,30
0,7,20
2,2,26
2,0,74
0,35,71
2,43,98
2,76,20
0,1,2
1,64,40
1,14,23
2,17,14
0,75,98
2,3,73
0,13,32
2,92,32
1,41,73
2,33,69
0,57,40
1,17,22
0,5,59
1,15,21
1,33,18
1,60,66
1,47,75
2,41,24
0,44,68
2,22,56
1,62,18
2,59,70
2,33,34
2,16,8
0,30,96
2,25,19
1,41,24
2,21,66
1,4,6
2,39,74
1,2,91
2,81,0
0,0,94
1,24,19
2,10,24
2,94,22
2,18,31
2,65,46
2,52,33
0,97,28
2,98,43
1,2,73
2,76,26
2,46,22
2,23,35
1,45,42
1,58,19
0,56,21
2,86,1
1,30,62
0,45,0
2,16,28
1,38,37
1,20,26
1,76,44
1,89,22
0,10,49
2,10,24
1,56,66
2,27,24
1,8,23
1,55,40
0,86,72
0,51,41
1,38,72
2,28,33
0,1,1
2,8,23
2,22,19
0,10,4
2,32,66
2,15,60
1,51,32
2,96,26
2,73,42
2,38,66
2,45,16
0,21,24
1,53,34
1,39,75
1,72,74
1,20,24
1,15,18
0,3,56
2,30,9
1,85,27
2,3,10
2,33,31
0,45,30
1,4,30
0,26,95
1,23,56
1,76,26
2,29,25
2,64,41
1,50,41
0,90,24
0,95,22
0,13,12
2,88,25
0,38,63
2,94,99
0,18,34
0,12,6
2,33,56
1,32,39
1,38,41
0,42,64
0,91,76
2,41,64
0,14,15
0,54,22
2,0,82
2,48,21
1,37,26
0,10,18
1,35,60
1,24,56
2,40,12
2,25,69
2,19,10
1,64,17
2,42,38
0,25,9
1,40,61
0,56,75
0,0,47
0,10,65
0,71,43
1,95,76
2,96,0
1,52,66
2,65,47
0,12,70
0,42,32
2,55,44
0,61,19
1,28,99
1,45,36
0,3,2
1,3,21
0,46,22
2,31,41
1,75,46
2,39,30
1,42,38
0,46,34
2,4,19
2,67,72
0,62,46
2,4,25
2,25,57
0,76,43
1,58,66
2,50,20
1,32,97
0,56,63
2,3,24
2,8,92
0,5,93
0,27,94
1,59,39
